1
2
3
4
5
6
7
8
9
10
2
3
6
10
15
21
28
36
45
55
3
4
10
20
35
56
84
120
165
220
4
5
15
35
70
126
210
330
495
715
5
6
21
56
126
252
462
792
1287
2002
6
7
28
84
210
462
924
1716
3003
5005
7
8
36
120
330
792
1716
3432
6435
11440
8
9
45
165
495
1287
3003
6435
12870
24310
9
10
55
220
715
2002
5005
11440
24310
48620
10
11
66
286
1001
3003
8008
19448
43758
92378
92378
184756
352716
646646
1144066
1961256
3268760
5311735
8436285
13123110
20030010
167960
352716
705432
1352078
2496144
4457400
7726160
13037895
21474180
34597290
54627300
293930
646646
1352078
2704156
5200300
9657700
17383860
30421755
51895935
86493225
141120525
497420
1144066
2496144
5200300
10400600
20058300
37442160
67863915
119759850
206253075
347373600
817190
1961256
4457400
9657700
20058300
40116600
77558760
145422675
265182525
471435600
818809200
1307504
3268760
7726160
17383860
37442160
77558760
155117520
300540195
565722720
1037158320
855967513
2042975
5311735
13037895
30421755
67863915
145422675
300540195
601080390
1166803110
1203961423
1059928929
3124550
8436285
21474180
51895935
119759850
265182525
565722720
1166803110
1333606213
1537567629
1597496551
4686825
13123110
34597290
86493225
206253075
471435600
1037158320
1203961423
1537567629
2075135251
1672631788
6906900
