53
298477588 210676458 289965592
826692474 79629127 463898065
355603647 822264335 126107516
306144143 446775294 623987865
718747171 262596670 683850399
195611959 494677257 524214686
425685191 150490191 826132190
134535628 451517418 373604151
134480559 602065572 298316077
549915643 692440971 690487424
544799180 782540665 661717082
607888280 605172882 564096497
545360105 124173575 276242637
930112018 565045488 199693403
297758338 14943673 603796901
873226039 188462350 56713243
695545511 885517749 764057802
6112363 202545231 15391640
226237249 163941961 759159039
916361440 692211915 477563555
165581989 805688004 129823364
435620092 761344963 664234628
962270782 110858891 657423788
119753903 650251853 370503682
247972049 495573172 585444702
626438787 836777289 436573746
769807250 261254520 413603222
241602835 854370131 806923222
926429621 538686818 579995434
646325442 381651032 441230921
804937457 628998664 431961660
798679082 764530030 759357484
69870039 862138246 253598709
939562272 910955256 77603459
399289454 575791608 235265896
393554120 758140313 706972059
429946938 599798461 327164671
322585294 146554191 430957395
63960333 923979153 951317872
322900142 509190470 222658146
84239194 315945341 729207859
216192868 314816446 21253190
938542022 449292967 731043141
826087217 556568749 974639043
182975037 830244977 350299264
335999763 842313381 278578523
571657327 532875502 780546504
873023375 216378505 781852570
114066251 482352163 482444474
1004265 734718749 840550877
808039612 746969897 352947777
30940564 855323079 595009916
348395600 183096587 260975163