593
578396203 416056587 109634982
520810834 84502431 937472689
379574442 348130493 981473076
822746229 42999774 727209999
534416719 73912816 322287009
476068842 699124191 530752063
862008177 614710970 584517646
769663447 865861726 58860053
545030228 343865876 86388796
536248049 298273732 940350583
525803889 442524269 130226750
530385878 706949070 411856056
781249837 254430545 124477561
855187933 743271523 834163001
223732028 645069734 766672159
456725817 160841001 641747169
530195463 264881174 545060252
393740829 534223295 784915421
8914839 808732756 550194861
50774929 975780605 740636554
851083894 843326392 49856761
41122494 296942340 600475505
596983249 4030842 366963745
910430953 694819005 444693646
406274503 6820245 871439446
750354644 545931419 220791993
292187894 88304411 183024876
444641626 6052587 33392559
395290332 132063060 908300973
345311329 521471040 898216314
861661194 730474908 278649940
383841006 4104039 899945131
784306240 182609535 348127394
166196654 859742567 156810160
274783424 619764509 570062169
100366606 987466326 527403050
913475975 258560194 262801337
329402868 758587035 887476195
557611679 406442268 837273806
16464203 645832162 164879280
692174531 251671921 482559802
468747431 48769759 964344096
166043707 22433497 2716206
971494315 966048404 363321885
872664598 125991241 228561843
26214717 169858203 386288077
463330390 294923726 144596734
380897924 431835353 262910847
635414977 532258326 971887873
391173744 826229327 597661771
62671325 767842037 536777373
183248115 474022122 608070647
674250357 806035992 570994750
605718072 934322898 965032829
524686845 941981660 292511789
899479452 456738270 632595794
658914352 531396963 236584066
450985729 553133813 350908436
20282547 311276608 819836568
219648956 833332453 516511433
992456223 774869962 196204170
405054435 908822990 198206367
826544512 689416484 651969118
620491196 351964359 363822210
815293326 857612317 360600828
179563904 856211078 489853693
970399057 735935525 75520057
339292079 732259392 294832365
361077705 611685595 214708225
185868937 162965569 162745515
788234078 454601402 972703538
54483318 613261848 159452937
768828660 119632410 33158670
94305422 72934940 767321786
980626676 38423156 179432605
872761855 635692403 695521495
990307608 840718642 455065529
329982875 249249898 97396929
440991376 653164144 42610571
901371805 43976730 297137395
983498142 640675575 526450915
489223603 832257117 897362956
391118671 760810008 244350470
201147892 410735243 736578669
456695023 876093635 663000585
308198270 358665402 693836236
115399760 488315849 975993192
519186729 195561329 322246926
707679985 458251204 205351504
875306610 613491941 960097704
116842366 867456855 75655681
736021274 110807280 432259365
240870871 491403073 206166039
282069648 481643185 874882394
451171026 789159717 429983399
718486860 873287851 373156262
434396343 132793107 294498742
348774334 785972045 555660880
321144203 464311413 445114246
204203990 781543618 374005914
692011452 515812061 147318067
284252765 84305526 543278387
660922988 720673748 765286356
230741220 67327400 867262329
487670198 833330111 6672665
101110798 68015704 406401612
892263527 989193125 584963352
832195242 440910267 480698835
665598962 768068031 81484811
519994800 414877072 646495866
987145119 36666882 709859455
832160124 590058196 965831124
727564327 166918261 704854191
886705011 57563872 152614104
607869906 203655123 65465707
427236413 861104136 952641933
548988216 220033405 396295710
38712634 311940463 792350493
789042562 859816210 74901794
666619232 618653803 316237494
461793577 140928189 305796677
118790491 243596101 30660518
157402874 655510073 243271916
40841541 373546471 901097443
701547420 5558516 931629253
432349249 224325336 237255145
415233129 238362549 906963895
128842877 971006583 194843667
250200156 948432485 724726419
917508962 43117563 730241986
890929331 60945096 548264457
388616698 424911435 916635682
846817426 489079415 960059022
34805189 269833540 205594063
709370018 508146676 846486934
495198267 337165214 306381947
860721239 356693314 635490874
837646648 251386104 380291255
409273598 332950700 169921605
110953011 868590334 295163615
305934099 239893911 612392511
513029929 149912210 312601375
352832986 312930723 580647081
14993571 585531822 735245921
277196123 380427940 968529008
701369832 419472859 462859908
348356732 755001889 611267272
418344472 56787724 686424249
94751112 53282683 809558992
167973203 979343099 91960735
746714078 735864416 620489081
664895407 728871090 29939629
593201552 196340089 358234466
533885559 142365281 24234491
725734866 845727668 771161491
900244953 560450526 870958163
411762246 707903765 913477841
707061696 762596278 113588445
683896343 887589627 183106188
925968262 418278818 96629527
503042383 184859784 333587623
488686347 268279493 849667406
114756841 612300716 651556850
938589380 108168281 223132770
104625443 814471173 612636608
587032781 692609606 211060055
915262757 194506159 492832156
938600828 756210956 271439335
178482893 39652382 973268138
506900636 980999063 841281462
846833441 667233289 778061271
261604939 30843177 957505497
690646868 237048520 577448175
921494085 785488112 948149810
219401314 473172866 599735485
690345072 602436254 948125104
500951837 96863562 194980022
972046133 10705506 223772659
603797371 564441554 428648827
62148288 310203454 228627112
876399267 607856204 631301652
810275387 91755940 440934991
445071499 843020503 783627996
655131111 896385912 455561086
633611879 993768671 409018046
544682346 719199514 283038090
671703850 488137821 437216127
25143034 5948800 884135501
646301441 874787307 656527784
554288612 657807568 466401622
528856670 628498580 926845065
348821064 45094818 177631909
316848159 409125927 381416927
158800494 245273574 759415751
164497109 845820725 200477649
739418935 338434254 16936834
814754613 59115026 845242040
145610738 390444438 822065633
791410985 851256234 601907405
747166150 163973947 216968632
784407206 890782886 185212935
317226375 126274441 267887332
528716021 284790816 948673854
231386138 227834187 310073588
901621163 512903356 242864247
677800375 860645925 160128074
683657853 906882505 536353054
639590951 739533999 598692543
621159582 383245933 238054143
104779432 557410078 193838583
575724503 569682008 245151980
164448296 374393287 354490687
574202817 847270733 719546285
932590317 210702915 53643439
68262979 583368475 831280838
535168452 243989574 877541082
579201387 113610611 990610309
441779332 63508298 257091442
680615578 144816256 151248888
586520391 696066793 743028507
29833190 423936589 727380737
754835271 655661635 658152179
64921608 737172868 138510070
888373560 103597558 13375192
440581788 751067536 696179591
482709615 571327973 156165524
767411705 85991130 139256360
360513061 525578045 443799468
203228274 133945171 506173711
988060538 483832718 229577032
203241799 987682425 151203941
976517777 902757127 786766325
326262702 313427707 927706840
173128660 470246845 506816706
739031012 690827826 10013053
977235117 1197544 312440762
560911850 197905963 573488282
995083364 819108686 610075663
603772148 669320129 898358544
283581269 551606998 521716464
151978468 76861070 253340151
908933037 685131761 115915132
862171250 464064010 848310408
909413266 156446914 257900266
228458683 594283045 615744285
632439653 621482048 834750218
433786415 225993156 132747627
193732950 427148688 285926755
656088749 208158435 168573740
541128277 372745630 233436998
888407780 42681433 761820708
405990376 21150192 393385776
253476556 830097974 5696066
894097921 115063868 537133534
464130353 651498584 41459049
315588016 766624681 224825641
994331378 971332495 47838082
63608326 849794854 325613843
388968837 958245518 649712381
967413395 252844289 476973326
947341392 321042974 91318381
614873410 21005486 113765482
496079557 822468306 573132854
222358509 378963098 791384073
829054153 539688494 110929289
595614093 729602596 775650104
244467707 340500733 441533754
943748098 546796898 401413135
185598917 824799455 192886579
436206866 17021540 62904674
743673395 286063161 577253686
528722739 946756528 794020893
445815153 849256942 630493099
927693567 819508459 944156374
651692787 771972870 592369397
256454008 234554172 310106360
214684554 793354744 228642922
874062276 722945688 912343555
35439573 3593294 774246075
689905246 429274494 196206030
920878903 59872692 805446767
510228180 478685114 92899938
214130388 300331415 592931966
316908395 149798940 880345654
145157005 316774140 520992274
497377380 292055312 774824028
809043737 929144909 590245283
882780219 221522313 223666795
834261752 869611118 563117472
664910130 493283167 943163235
19774818 755909907 419982449
434287069 6814665 759635768
138709607 141464607 293287756
499469460 42323621 934222757
717174394 897776159 643555804
348297268 728905272 406171549
391351281 538062193 711537982
999422047 880861509 500129584
605960747 38098685 838350378
581779972 675966428 609073996
529782465 549220257 807048247
649768730 297133577 393889033
460363205 710869935 309959475
761356506 358667773 150590705
481536273 309574277 886821288
656022525 165605825 323746153
580110991 485964485 140705846
156945923 273558849 955220974
231625254 20352771 875048398
919852864 828326322 968715980
921285389 556929634 465498179
684213759 969686994 493103364
127174511 67405664 600642582
249666771 887934062 18035337
96212075 629994775 179394420
560947277 517885775 571287232
613308296 949938221 872492859
514604226 1668982 190001944
468368151 372836543 275661408
851827273 418143477 276780807
518840635 540510341 882543613
341243495 840071117 801738138
685092526 797322513 339887282
393717925 528848015 98200162
723103571 330444220 598030423
122670510 60733849 643564074
775826554 670677976 502466996
303761166 306544569 878388100
96223121 406681164 555260653
275496236 215845609 596850452
217441956 275347237 649262186
323861775 730826136 347423721
135491723 754968579 789923657
377656281 875854751 720563261
231399950 219590371 421090207
774292697 791500654 671224761
591971521 345697641 312102695
632097333 76000720 747465500
774313810 215079470 233965773
4155514 245020374 433389954
246477486 409596290 581476905
743036830 176275969 253500779
448937975 399241797 599618084
250606702 987178786 305765269
853640416 398170273 794823225
781903735 72361216 86954198
457297893 321930424 615180509
884035891 683524715 870147967
284747757 585344623 199346518
901796686 549547964 515746667
113457949 131336210 509948205
356533704 131178796 466258461
139086357 488363120 43314403
167589429 325354723 392258858
71606677 341364819 358518855
6337426 778456917 677830446
952642275 992410075 142718254
147011575 546857620 923089950
818209444 362441594 726071575
711328937 458289073 590931346
54154261 547141289 849693832
83871418 137148753 855842577
795817063 497106713 266991478
328564765 642817378 583998095
43639795 289708465 996575701
222921652 812429214 342159896
511629113 278410332 806887705
521516071 949154411 557137889
373028413 966446374 584478589
586858255 538324259 768737201
740186886 427757419 30074047
452383057 113435168 778213433
542565026 987735259 204216067
502676277 210520362 281350204
410838969 624077510 349592698
558720158 103371780 257149155
926514249 595287793 550012379
383911679 199699824 179878742
784043640 532638190 597986878
292555943 710843004 170702379
271363988 208958809 958782454
498254276 588377879 215059959
553924049 591256738 176273298
218362268 680356626 824693955
137943829 8952837 67889970
525537502 110677103 325076901
207545191 814308255 863074594
327329435 660344006 943036466
218724823 356275207 228057596
850195305 668339416 580796977
180226555 250009083 276892256
33513689 231312290 1561554
322567750 912584692 35699632
134532739 4796110 512115041
80875858 708151981 914931166
725318424 245967850 190746988
111988773 258506139 421961088
272909978 85010753 896534749
307627784 944034553 548614803
15745988 279529454 232102672
987002363 703728743 922917322
595476320 38135713 430347544
547801699 104430141 777640546
66328416 202969752 198092410
289377269 73012453 809512145
350959553 246453578 952192024
28105300 493406398 110307357
37310608 738206533 409833278
158835890 907316577 164998331
380357507 725885904 287277737
452946751 306821762 633055239
803596959 147530375 301067367
589197719 485399537 670016269
484583623 177516725 141537710
413106441 45660357 55536387
223868679 983532708 11998300
87022604 956668231 697580976
596422778 987640687 786123056
121795316 949691755 965522210
513084044 436640431 130819135
265349214 167444193 378544236
490362810 613381664 896147989
565037171 485780310 925482077
508444779 761761833 761054040
282175755 543521677 315889673
968769646 624204166 692546176
354296891 934967211 923783869
153000031 293334903 769217672
589696760 856523973 319181075
846932183 681801643 197838620
335545156 76113675 48759107
539197134 219234409 10072533
762993473 922743631 432278692
159388397 658831508 497752399
86516222 578577825 194906399
936526935 314247023 444119010
470233383 153025669 325487589
272976034 158787154 501673220
207035266 112349183 874109290
609326563 900666049 756857691
576966915 718104988 803978666
727643458 172899623 685648158
712294934 742978621 324287269
305817141 205776174 701460535
260267485 194908495 276135703
426031470 66483809 714757077
574311274 653169825 542276950
875062064 376698800 528775974
872351030 62569123 917326521
547085886 332161868 106885226
135963242 153666910 22077582
675421000 582421482 940726520
693773733 358872764 405678203
509258240 224232002 571268402
119831742 164416242 947249495
624027054 12708549 963878659
225537517 781003796 45865375
159352214 35015290 247496225
214580742 701904851 341406188
275202692 855292427 110330500
768321637 165209048 410816753
217402043 169853900 52109264
679382954 584846484 612487012
335409183 732257737 707611045
309078875 65053035 428937824
971008548 755230322 212282558
581526478 248323977 49860574
953447862 321548370 551158072
61019852 976611028 118651621
774581357 460840259 880516631
599320332 418571041 503580336
295347703 740936603 59022954
160451649 902429699 994562342
895140232 944644099 427862065
351391647 890128333 48746059
338254330 850273338 969962254
818558401 243572194 946674528
129123630 693676213 606968451
60469926 814873774 843660678
859658680 156382191 193242871
933457642 904801597 124006226
731970381 736088851 313686696
204030709 13731172 324116432
369914871 810556899 852800623
217720216 686386246 303679877
621998509 602056216 431420036
502412013 722765522 126337690
148689366 956022955 217268065
933842102 470196703 724894828
896611885 234877777 926062828
215362275 300792968 746047509
801319472 961682589 39842503
303855839 619421265 154039483
735059362 134223621 836542166
645845823 448643531 433015295
93873906 911403414 7289968
303288574 438471417 212817559
412240643 357246667 433616668
66905181 784768276 948778641
906738161 798128279 265892148
588791868 307418824 778853395
398053604 154552596 509763931
106753115 416400743 724703656
263837375 318142671 982634950
277380553 767352650 588541901
289795523 502843543 507379425
784252770 839968197 558793288
717604861 593323311 796406360
713245269 803121632 943546300
312430841 734414291 176914313
91063861 397117678 821292986
888147334 146267495 826804797
57688772 247792220 294090935
923251363 987120791 495002671
282586311 39451200 120328747
230182609 134860090 589894016
845074766 777109657 281924734
441399216 122485391 958160081
707098859 871187007 714095512
982447034 684808334 351430964
566217630 794322273 681986452
547789343 172773514 921024992
161341964 389233219 621085156
761737104 232106752 255051324
213288491 861001406 852847405
63790618 435018550 553872112
676077614 483062661 668261542
353652284 467356074 957304633
894989579 649664645 274632287
863132904 181048475 275080488
112709286 75241738 562983886
942659970 357033733 192798518
813016218 734796967 866677685
199303754 68840645 745626871
968808860 83337663 545002906
26873410 228110725 261483984
105312677 643308242 436168457
160223401 306369421 201745673
683169421 212565347 326966200
724681819 652799764 523108869
646392706 298209059 208184744
346004668 649027819 156865015
692067438 270628520 503967674
660048888 250774399 700221583
687194427 476773860 414222017
922634671 384843424 384018411
412301727 868116169 421553920
13148303 757820228 537740233
838912031 952485885 768872316
361238214 259490549 144468387
865832318 88334400 81997204
343568816 552911048 770631585
537442127 622804192 434309844
388137892 334805972 957482205
757516310 445263788 392533843
735946873 473028973 829595560
787523655 760534750 827721922
942947788 312380093 784683594
101554950 633244403 540388831
670444511 507092637 696541933
387992698 330829225 11137971
359499287 794216570 162440000
618224380 343625611 923862812
643590432 385192544 762039231
949708567 24163835 533310198
464071715 255631992 312556440
145206390 102965158 479456912
939276755 573714558 498955799
316746464 922884529 775954307
297313609 242013867 919666645
230242755 866997615 115711555
737767910 145195 3976747
946344234 398017024 651047218
230093844 117722494 129403363
905732748 143933224 375342206
65682692 993239221 288216258
251373397 637483235 377612411
227832391 525238122 404127480
217085022 448715942 757114666
512182172 42752823 871332040
386485693 320910771 101611745
4196167 413347678 518194929
646327676 211940657 24018641
529333451 517727480 857614968
661509222 915112546 985242663
350053549 33544008 429781335
123613594 251063773 929645307
487738049 45940213 604530632
542054234 2410364 341759494
711584075 520682888 551429252
246862081 434162063 355264201
779715178 843608150 796811722
27791619 901536581 730585545