857
419355015 781298565 264197617
722039945 119755755 519997442
566323169 610125575 418884816
867031473 415171935 327333331
388568579 791689050 941686732
898747643 274970559 497081112
462141933 410937314 176435435
934743601 691257768 472589389
282471371 83565418 502350768
881794043 71504396 188430942
322261931 132007426 699195789
266466316 831708758 148346743
223540433 323900267 484774877
22056793 436087195 731633918
292699260 653651415 136257317
919528749 45593485 563575151
838028445 944860507 521841164
530710506 439394649 319648232
680711843 484611413 90040797
791608228 439568575 36190338
17646674 684529125 538621180
230453875 544769543 283164509
628137542 122102263 959980291
793339990 675207211 951070291
12306236 440085140 974850118
444801516 642044342 37606353
336332072 362942621 37971933
938775617 43765599 126643889
666589777 791551424 692612777
379547558 585754473 347097345
58305946 431932204 884331692
448584540 4410119 751558070
193012739 62245385 108881873
853092807 291391208 923491221
603594859 44688456 269653296
570770872 518404271 999309508
344798114 235910328 842567071
52434444 455276157 76625954
998218404 78871056 640763526
411977292 563864097 753218118
590551732 248589985 536347789
612882946 735034044 243275007
66738599 563721696 435675022
223292049 251788777 579798957
928724480 483239264 71551414
114480711 335180758 999077143
856990592 95818905 273147154
693303268 34749445 349844146
504530274 5871502 976656047
807705739 450366135 925539062
110794544 781035447 498381288
355663755 262541076 42801224
387143432 990711913 309654411
26378290 504032274 954682575
563634487 121506065 984121550
262768114 123709964 972036892
5074540 883737693 743690298
641686383 554986700 468045193
480070964 897248464 213840540
186503644 108352672 729162542
266618959 259032860 113355561
510135959 112497506 470753330
81417670 573060726 220698189
28750191 727337279 344468845
689422732 830612302 591786631
318464579 129668781 913243379
365722596 241762160 882161538
4619156 802631199 566628441
181848765 469108160 226048747
30336096 875592790 365292611
828960683 200639789 882359241
580491869 759759330 244999414
841327014 53498529 9008560
513368220 181350445 550649238
751338704 976324349 156400415
399221453 952263651 724374397
876258561 161606386 767579683
300597161 820781048 866590512
847001004 261999804 456401661
546727119 328287194 643389345
244704583 51081575 697467935
855405577 199789508 526697490
462109603 108930864 70852973
346787218 477137564 76170253
904234820 852354375 60411716
331512300 253280451 826306850
410228027 782627312 516844508
501674350 154077534 713986405
597712928 528363522 379858740
15768730 733490864 497759526
788597752 294599895 725211335
365619214 268663638 130268870
853181303 895933126 776534841
629702924 937111849 843332788
653521424 529471344 684468821
691409430 396362341 968426673
806178796 515488704 8719354
630094811 136499093 545659882
126544837 743030232 897004040
983481530 257692649 671425985
146838750 446340874 375439999
573093447 558189465 182537670
350958918 538615606 583690738
930142845 478330997 357347325
49772009 780525102 845515462
673511720 848152925 624606190
29517584 906303498 132001182
411432067 209589933 218002160
489040173 158502942 158100803
179551453 239074377 525633405
233264829 869699772 638240477
105108857 482864175 490770976
467892789 80427978 971281878
501931152 340450513 857746734
384735936 876035951 37157708
651372028 580322802 355973990
700144420 453033116 894877307
272397851 953963946 351389151
539424803 735406682 236750941
157437840 84053274 399686523
24436867 171407465 299541229
58057333 696878016 608631224
719106847 944663151 297660928
354744486 205618932 767724948
653324311 527586432 565852985
274254447 26696132 333553982
180844453 837668144 578180140
802126812 479407033 786041260
630756098 960866978 915735826
286851326 565684053 747457492
254020036 310454949 996374703
571595356 477494285 169043048
558205506 326678603 179157935
428526483 932265181 635659651
58313063 345399934 247414185
127152360 619073539 426377514
785536165 265170357 708710551
903196958 976593387 246385130
821506383 222310055 692000432
513499968 427301235 736011038
692895397 432255521 378979098
550203435 100724450 895163983
771350244 81728956 50092148
396809938 716048941 700017529
154396048 752317969 905402963
942520489 743813749 134007100
538627076 503603738 341793439
489358313 501315160 300513697
38746941 350823078 333861562
749989574 750088972 255184230
477042616 44705538 899377367
443146897 735631086 500009660
256680553 508109628 244675484
352250201 355802115 537344584
376285366 388726228 549121415
8693023 748800911 224275418
340982166 878985894 478496305
557993333 974872892 923697496
394217599 203537085 930940360
78465402 511456494 749901372
561302421 21360670 331639984
794907917 919767322 671343404
800640161 711249150 16686884
405393304 685839936 235704122
889331615 186376875 147801624
804448855 113072948 112588933
751392282 30053919 602022167
109586144 409007409 871103078
776687924 919049283 69832645
975679870 48929298 532094002
569069299 178215152 996653133
494774112 790947780 334441446
205704600 581377448 468958905
877778010 208052861 37551761
207588535 935588862 193145958
242792184 668661717 788496017
775895873 589768743 90464137
818351428 327073119 481402576
147879206 451716278 612353260
460536905 18219993 718040
601510759 824960291 662319853
484592882 836324004 507624785
239050989 394557503 395429095
813360177 598744255 531695499
643630027 873614271 822001058
564470406 901997608 473418547
677957120 533895741 250387566
281336628 199783998 459160554
441629865 750717871 851142032
515250557 346894906 339231502
722088185 745167695 563157455
468240866 276267252 383092570
375231908 722995653 99264858
685521172 3741195 274104215
393066922 962535696 991024488
558768638 174721401 453458848
659401518 583408799 549718669
138934714 782579785 484324252
750330474 320174132 625176293
203159299 42963018 85606134
656482753 723800431 47662598
56197593 91271992 853576560
968538043 175389162 597347019
438908488 189238499 179001956
374153689 992435947 530154546
976283350 888269705 237248301
468136066 882861226 575996471
397683184 855849039 763486107
789512832 583153472 962587909
78833204 717910391 956093119
757916276 172072609 680032636
13658725 29038420 279940764
226441618 336869330 871263704
137447928 590230595 999332238
856111828 220493030 394170300
370716714 764781025 790143837
954169706 774047123 431904427
387927993 735023232 160101791
509609662 258799570 867951391
284176491 266684761 508118520
890988650 889704840 457478770
641253899 680992212 17165890
498969320 360494964 963397528
250213783 749841733 551400376
365984597 330688139 292630632
576664232 541571355 635356010
369315807 418796119 818372446
172444072 124663498 943863268
524188693 369988284 437049377
519930845 504049062 770238850
411989372 942265126 70184569
363145184 246459277 700525754
541853468 214857929 539500817
377004410 871747394 404286061
826746309 703955923 24205390
880504050 21943396 404335094
867471159 932945429 717228214
232595382 914860684 847888642
689746074 718544578 765041343
513615502 117065207 311003928
580116513 979038474 856445901
193158678 838224410 807576607
481215807 2839414 84228862
592104877 34810765 326713426
95855193 992311396 547048724
414086385 345697763 420707574
919657879 643684643 348044888
32714284 652459685 571103633
53010636 179393991 27404443
222295927 673399110 527914698
935484411 28237967 97792723
228496889 796887897 892708919
547840160 633587632 865731513
216628783 399288244 19103983
320106232 275366282 898134665
390514788 136740189 922549287
300839918 275659689 372846816
344333769 593957623 473380564
962959039 547402229 326578789
285342269 140148042 658830420
780172164 258919880 329440303
556314163 656620465 6572798
228920704 867358303 195423499
654339804 866246225 712110131
554976061 703029096 244396399
328940906 712608052 377093403
672968967 662495848 42653802
104855156 921456009 397739422
155067883 591150643 434280344
624412159 265537850 249485668
566130131 262497891 493439590
206901093 436456619 140368364
689663679 763792068 618745817
891561867 161594085 269381885
727125789 646500114 409413463
660736685 789357708 890928526
228984165 634018134 834794177
949485385 612373301 477652194
616176618 675317009 337463871
931700881 401246281 65469823
572292454 604508544 601820454
945937830 88209674 603748335
218670541 348074968 266572478
104028035 639277226 948815983
758347586 781407099 500901764
773271917 377729366 274955896
988325959 494331198 801792934
543351817 395427995 631519715
414691490 616644745 650124589
15787397 590724475 761139609
802904493 757962798 362545788
553275994 319269413 557085540
667561431 781187958 558290440
805665128 442066144 441282741
624356048 124956130 994740908
885978194 191137799 830966202
976750430 842904701 297587643
62507976 943374922 906915083
263676889 28940638 209080550
970300739 531246341 471564928
953623745 202883145 757350492
505432868 301123542 881314427
586270195 205071593 462137686
943816223 105710486 596541408
716665455 182660832 52265054
360510194 918995768 270471865
636778807 528713296 425506946
819158387 39036966 747819773
463551967 740396517 814587876
455630705 289599106 290328776
348004991 697260691 249941618
86725513 852041382 239182999
683932248 118923181 823832587
113426481 299707999 986066206
368828516 32934207 737194215
701046234 345842521 760714091
854650029 903166694 109944869
938608684 333521932 2533045
46057983 134465359 163846179
9530719 41880901 560727024
66726551 130639491 915472487
171808910 595811232 408449794
346599791 629939943 330619449
813082054 676577946 800072588
446639277 523352327 229005297
439440740 450329872 6102759
10625559 762505733 394553997
53873786 600980675 386432411
180383908 409396306 363738760
247408573 40667530 717576024
75336820 674401529 77042280
263105564 46699930 169068509
70593719 197019606 437122975
328744421 354446444 715902577
430094642 41567975 226588749
309872280 491969407 810169605
773527748 606617243 684135487
157743420 998905160 279375168
166173027 12852766 529658815
529040077 991425002 186414926
44711035 99191219 589272413
613043425 737745234 2176418
723030309 183533714 476652397
59936788 368847021 253310266
568979784 681881137 408059289
678651420 623779144 559412701
159843663 870511627 917426899
553569154 473880825 434050287
33440538 917593400 675496368
797667111 96932537 33847165
639409694 541553642 205594603
250708049 284033386 255255225
126630165 817051217 303822740
224412332 586841971 308435694
333517209 713590960 237770223
430825221 588763636 317024023
871315878 487521607 389073621
970246113 369196414 120913375
268988027 491141881 625310393
155222127 579602888 820151834
326680049 925363197 86601178
442805233 420527094 827293378
47715663 318271736 397847751
152804065 552021255 806727927
255589961 935431330 283669657
608991205 220051946 760289865
196280065 602615317 328829764
358472346 926351232 609410929
644773543 669163580 172357229
84681229 981720021 792891505
629944832 971408037 237448329
483670905 897732283 661478773
221834517 890711975 293063866
410476844 383109558 270491901
919176271 718511814 935500351
582345694 714656153 433765083
837243718 659996821 271089935
865020528 958942061 976987571
491322071 968207702 999011965
477190248 798031689 751363513
654936150 963034434 336551714
604956246 522859232 580613218
569279598 771919055 37699048
622190884 387156689 329339970
467225999 785803220 219505759
58337864 439296074 207839418
673910577 62427850 954507427
738592145 247437511 321723201
521801571 764924303 12465977
260460758 992348834 929524580
662466807 744644268 92680287
541700353 755540694 420075123
933940187 314220026 195652583
354887134 13066097 942737097
396066035 215052835 272840132
941749964 397794530 173138841
757481812 432984207 528911629
791172547 803279670 735603840
796856086 916344005 715596924
14828513 83154676 757934929
568147241 308818840 779570220
108174468 959724076 642512421
236659684 925525646 30262527
799430636 124397677 125076049
12186836 319023444 49361753
11770330 342526110 32384676
48883069 580051606 367129774
839327135 502978946 559364628
400612951 871294260 941364598
357076446 744844266 839196689
704478198 919111674 231065351
437717654 786739892 704247256
163166878 287891568 255328759
630327711 705090281 472268883
142876315 958051175 308586531
403835581 778985712 484256227
686242087 785085756 573817895
683212248 965945444 503103069
390805155 728820106 805839893
220205593 707561517 88429817
701147823 879583238 180681380
191065838 94952438 205286003
894010697 574469182 532283551
345114496 848603452 54634543
777055917 418555357 874961325
894860890 696450820 544927770
250778098 996777370 92308548
457108371 670834358 959758509
265378794 21265951 953166229
727962281 46912499 57919787
898407363 942961284 580330050
166898942 929179888 825507043
291587504 951810476 863098738
103300529 509824883 204516530
951972676 341127592 936482304
519183353 906156330 547390087
628141744 495944264 32369286
260912123 969427495 710784147
996121268 244039452 208748880
220922870 925687044 73686488
252119773 166048416 527556683
474363765 446707133 905642167
474304492 610156975 489375469
49454283 603273387 744640343
681829032 147477569 486952487
887792017 505135695 329706767
23276206 746195440 115109620
405776142 99820537 550968235
25550501 637495240 973533789
869545903 170777674 685140436
616758163 70664634 26123433
789412250 851180755 343776468
676959847 477608911 894420458
30840138 44878862 295999355
58014619 578687462 892670877
287728942 579083090 821949926
223831660 108329251 738903756
879042113 197646665 179491605
958576868 846343630 66227879
976588448 448813264 809211892
932108377 604758588 439379302
804235032 432696119 532608753
718516911 892416781 296296814
143176020 210832171 27526784
435286308 992436067 701316578
819110264 347761524 521133075
658297357 737821558 58412150
151583864 645714243 62448424
946236679 737716050 873017969
846631828 830835382 4837126
277548589 700371398 28795648
85208566 98731760 440120273
856620053 253779586 145991343
360062125 569212031 686666309
525653112 80655641 897497079
711376973 443755805 205210597
478175026 139466605 498582106
545094804 318291091 710991705
750799742 780524514 959044345
376930878 857998353 694980069
659590783 871885083 61581400
291459689 865627430 510460772
998731136 350077743 893704307
261196306 962490210 93981939
375141732 298235233 168609528
371745841 625930751 565058602
164951344 234859707 293960245
667807372 368456803 691368778
506255019 732453784 382080308
317803942 334408824 318207246
481075928 479689176 395781233
451011274 700471341 697326948
625084909 234193424 215028210
387036308 712645836 93678063
311506289 216978720 176976394
404600168 169953073 20055858
542382178 379053901 154593763
393985743 211979535 623138646
401019824 991783410 503428281
370212621 785204670 133173647
128380465 680927194 15668919
575497062 780120378 482801035
698200706 924130457 597763892
471282580 746660932 391737327
350030392 777915036 522213870
200282183 356301084 151478083
514392384 101654851 562500712
362024450 775421763 955354922
163613483 87090185 267709641
772642586 49991450 708687930
193898668 254872288 448988754
81854564 258655843 31718642
78009144 736009227 436858342
694175359 706399462 245822615
422291966 71099599 632392969
762856436 43955351 434064498
100924776 200737642 635482327
351950198 855820237 683549819
570672935 766356015 905505430
60313997 411883579 693030193
215091394 925558119 874139008
889075961 277383913 491788644
942748573 268175829 519259194
490495228 122273040 620291856
714619740 820217025 395255389
316678097 939732483 704322165
322961953 400757047 43134835
833645142 671717811 849253807
73205603 841948469 399052051
765438935 511181629 492299827
126213212 17695148 324125649
743828149 479083965 780841343
371683606 533216004 793715686
140604326 820107862 775779522
914805304 610429547 78464603
15190472 637330458 35603213
288294430 253994838 826623532
201183266 737352043 11126532
649895359 381446251 253840308
24885201 815870359 435435443
92736593 177309638 756994199
26959367 364282017 104577892
296166208 970791590 341133060
614414046 944994491 406516480
910606479 182357628 580649184
267355312 918839837 61288265
770789205 58015132 204618012
363448839 477144505 257186792
665676295 925029945 280343104
312999117 93932791 97637714
527001035 346798405 717345645
358280243 47867734 642798225
18785324 887845938 246147530
973886710 719024264 666538867
694470152 673880384 309000347
420107052 290576787 554994416
430477347 382540047 462606414
192552044 254095996 757855227
230817432 729287753 700165133
499807408 361283072 439252072
824234788 983167090 876858800
243495346 87413011 598196086
689170834 552326237 134489895
937850959 248569989 30993900
815140734 796902494 338990867
538079144 668978686 803264121
948186445 245569243 634453159
725348688 882521769 711392744
635031300 334448992 92702410
959490417 127462811 318579980
942633091 518977915 526562867
806895458 149651923 735857173
789680067 450974807 586467373
710804260 730936218 738250550
420504521 492626388 133970058
431612514 377411309 457193502
418864360 692738288 60309068
896901011 551620963 115713829
804798912 98886101 100645321
165466057 608464045 752964019
505493677 729680417 424863426
815909915 995217867 729592073
504431033 8245277 647250572
603133694 748399077 218003880
216796748 237382185 514633025
896202609 304844167 389895382
577422686 203418787 957037682
635508908 540626057 434724523
258270912 45732080 967356952
410849038 2096546 50765823
635211853 624214010 842510761
833503354 205310584 1255801
313387124 604594606 497408520
404377985 927181480 369166033
809942929 815730666 944339210
842305188 680104264 314238779
601080804 908596303 794041933
710749939 588043370 405045259
795926337 869984768 189054360
990138903 557639003 949485787
762235121 93581996 6148731
596484750 967921840 124185067
375493118 383293393 32071601
513377224 582815486 700249560
892486861 173044702 276237307
587871649 825565978 724895390
490385312 415965724 365627816
653118174 809768234 93500243
256723889 924461913 36170641
437465503 37577018 335325816
812201441 323248220 46955604
547922733 642142863 833599485
363017302 213458180 847808825
820154144 466812070 296810871
282167178 87703580 325780818
93792373 818263078 414998669
128807953 208054688 44418791
464158969 499753592 141673279
583857972 109116948 283813762
912648488 339760861 43459928
88014427 938027614 345716376
696745785 701175782 259567266
653293957 344564129 530901838
442637821 224854347 612107799
877086564 670231168 949153653
68816945 370950996 722064654
767719424 162931516 106198836
621171971 308657551 829522329
290907025 348042472 823494628
905282324 964064760 533025916
549785723 450368813 873697318
804348898 732139717 528784455
951094495 585421393 386527798
66213552 440498416 473698949
884096831 686170131 983200341
432310992 587072404 829522424
192519626 515041027 738165951
561749108 144929064 176829345
937261092 466842456 629370064
516194047 405838760 353133311
436072638 748011633 380499368
997875921 892852098 774485533
738410480 72737667 938091450
420369198 117722450 785529602
335536857 701505873 722433100
632499886 737075139 622487420
846321988 858596033 760970067
993972204 712762699 449023733
794859964 988036615 305439750
696867973 867087805 265297261
899414391 434900448 179582634
33394487 630140913 692486782
93199581 886220909 793318032
208714808 693900511 514334738
891430973 772150427 397318578
952636349 226212252 443423191
454396245 304761207 729767317
6882644 669872058 547242726
592163243 442100434 35248935
931475635 203015958 904815482
469045784 41542507 205649862
672794189 520954807 682822001
605946968 302142370 71364960
29946318 539300305 850854229
829169387 637607181 164695522
246635330 102541232 940612271
51705156 842223615 761824363
862016558 242471729 562326599
535529944 892531747 765028390
632339907 441231244 188040480
657237848 161723946 683204952
888502549 739669023 652358005
308684877 218636784 251195621
714496577 346689381 924069881
372058231 424449927 765460901
878913087 177713257 32264878
382547205 345527913 339559203
94636663 879770480 360792343
142991119 607029225 799070778
643323262 137264246 628423059
917793611 973607061 860911126
883324480 372708470 377576359
167649278 940666837 897938157
512337517 937950453 883904447
689416651 337208578 495534234
837754482 489958328 818021801
796865698 656616857 714818491
732763512 249792703 95703331
848481277 562601186 281953466
322412609 745511430 132639798
853287226 665361614 81372539
622772562 796702966 373082320
63158756 488733751 51741458
387884542 711263809 237046419
134326721 870209687 407577460
455654755 405220011 542561902
865258108 305236637 117070898
981048976 846457564 480647388
913604567 185030099 723814359
765207796 34843204 810107284
95622894 845236668 195155407
765298359 659050291 272588840
802531909 66644090 540505612
122451915 774595726 1224577
766280344 408981156 945353047
477772073 598436792 379583015
688125871 392826522 157381175
739391564 457154501 440274793
15568900 872238250 818904050
600725150 709167994 611672867
649267960 297950960 453890548
241634173 292261649 866027141
41891012 369028361 211159397
134988620 653122845 338575921
2056290 742806194 530640911
115846322 214768632 437476408
535294341 435832495 586593306
344231344 77081925 642016681
652726109 356231330 388082168
754880613 749729459 786812041
453684789 201806760 357476096
928832744 473183954 476644766
547334029 524646172 116719508
79325906 435881061 229408432
168423619 553137251 739703676
818805253 737335274 714348306
909633882 899722578 657469618
381427642 65430810 273335500
25079561 305036617 220869035
811873866 588908063 936030318
477944974 287010399 619298901
424347356 681303830 451316086
981099825 73223546 269622241
53996145 568512293 690122460
320756901 455968435 999951433
357184875 175807725 523944674
902313004 833920856 618896056
673733861 845246731 850006881
129342423 72257148 136375951
84140596 903753183 168147337
255775731 735460162 935738108
180689189 601380932 148870663
610109530 744076263 871833420
288387591 837705427 664111728
444726066 855637737 331210286
967347157 60670741 609462375
273384066 667894686 129228893
696924361 909560862 754987207
317134263 804211112 441763667
769292020 295004933 609046683
314940136 896959230 169470362
101474904 798220413 833052130
754384352 140067713 854587502
851080771 747075345 431731462
652111253 613925414 996215428
954784327 229007796 989608993
518796596 161995266 11586408
526913576 810756529 235858498
38918445 558851370 825899300
180750901 863554925 797169820
707106995 840817510 449071330
262786738 973447455 940746197
494641367 343251163 57417324
498158155 212962806 920603027
754874872 422303295 920819341
697497430 44813108 295635448
758771779 362349936 575203316
452154673 250495425 133009668
597460276 788026560 86202701
933611863 62556460 239369044
7152831 573633452 276512788
57417682 143973777 906257834
982660131 389324516 640477959
55469231 460142960 885756633
932191669 20638441 949032459
90983380 772038703 388453235
315039157 341421014 514038262
530263852 421979121 501204989
221966504 254952322 590322085
316061663 665326461 185420895
854543496 561029503 280694703
818048280 491005324 639329354
644090240 697457190 278329519
14561507 714837299 655488591
655157489 703302548 902206976
689446683 519963003 229856984
183977208 506476896 15987857
697749465 618572707 721135445
725330781 476888979 151654331
775307798 835451178 889021454
315935749 666598469 723998055
455057064 200925734 899113456
605061930 114143390 529633117
309703106 446893140 74581513
110123717 300477650 626583715
858549670 875106363 718676572
598998013 532519820 734989318
360465102 132084455 158849566
169433039 156794032 942456796
559559258 92717499 14116346
487675023 868782441 862006012
389308064 698625757 48238831
931490536 200100426 502376815
3093520 84384754 405819614
700223867 874274101 59583757
941406344 587625749 318095057
94551731 866781110 601782615
432977758 176309786 302931358
154032136 955470647 534514014
565148489 285624026 44131703
956656660 45502672 21425892
515516771 822028083 578110699
212575501 720815653 601851893
578344885 927059134 675005938
216299758 595904494 448135067
329169705 660241234 257810354
99265810 228026695 569168282
624361739 465007528 225936388
412333730 54697265 692472655
559074654 235275928 743155109
513724816 366342048 914476399
458245112 46436859 38882082
384393723 184707096 52246019
481473057 728830843 866810096
716243164 516206846 939721976
926776677 216678000 580405291
854796290 824862431 295229413
276703661 465882680 57597332
474963420 332294921 580495144
795489503 103183042 767330818
885638043 653500846 485539725
858696783 64620069 560717087
760529538 758054646 549467635
409252986 944775982 475534139
205564335 617792752 499195851
702358186 908118575 948800681
286214411 485557052 838019264
112067365 704278364 410413497
447925696 237021156 900459367
856879068 983281691 714141938
458386937 588904219 81524055
284915200 595835014 75329998
381270371 857546380 451586778
379004890 166247140 458623354
30937657 445543305 880086449
819695274 71139326 848089928
558401481 772605233 424176346
631694463 509275093 617625989
929311553 773570679 949222482
75126228 410771087 827598912
660257719 903650469 774772954
835325697 950866048 355871763
394010084 920649135 21957738
423865853 321087816 50572195
497213904 907209520 319309912
379395911 81129708 258735059
530327048 628230422 165881831