214
455012098 308847347 975928917
603859720 43229713 352525627
139610257 316309214 80658132
727960569 81665772 672739349
751242815 976314967 442111641
211215818 99566836 947355289
102126617 832464282 538808715
937537758 714574217 890492264
18047606 809598851 621691267
152034473 974921898 755289347
987604163 659216795 17603361
357644621 77863405 471699158
897094458 612518784 738622857
761540623 342741906 166135261
920346132 6758181 758885105
135300263 995727082 376632809
588828923 644107261 495443080
401040311 80969970 428510880
675203991 517474340 594273129
85436653 585812114 233630862
730834359 987575784 341387315
325368784 740356405 422448977
655135988 393598195 898451563
970412482 314121359 487048052
208732432 340585993 489722376
372673455 17191626 707816037
131607160 882747342 813871769
245058459 563205550 330814638
259846268 586563853 578246825
589092480 682440629 560389064
877426028 811657806 26706670
504991996 30706265 355166122
824747945 594977348 266401775
336436128 480164274 602128888
478181245 618416440 329985902
8395029 192307880 740383977
938788504 302530536 500282714
886457092 953829492 703064771
419759092 485775901 424370235
10572678 65522517 153792553
844202152 66043509 711157565
338062500 92986455 502463553
460341382 703740435 309879729
134556254 547925509 422214277
441414262 795171031 402583069
211742882 766877214 944789109
828736 251451240 394255974
837862848 650303976 379910094
60106351 990968936 857828313
323641898 85232905 544930363
930795887 814175268 529454832
112609223 492233976 414120766
890971323 140118746 525429986
827522349 548053647 488567444
430504248 804232250 754605027
78068437 445042831 158658462
300481703 208016211 718898686
479581125 9743942 814071276
759536579 6339304 415739532
331247472 277956149 102017519
644635239 136699484 618507531
764949365 203760367 733750241
892759445 328805040 302937056
988462302 320771559 626758469
419359124 173306387 703397593
905688529 407358600 846071725
625305067 982037913 545926105
699169852 23160195 877216693
826031677 451214763 804431326
715383555 353072643 485894672
998381233 559723851 862162596
423412468 182887110 411354163
870059913 665554883 600471884
20854786 185308992 116237791
855721405 312019401 887244652
92140218 60222001 836437555
110673684 853848049 598980704
569667807 705942405 295918235
556091413 945465387 113539289
741290837 938917688 752545604
929318915 177375890 975732396
817042383 990081068 761047707
764595872 995946656 990419276
292043430 35628616 741803717
245599842 604450281 796728922
429688315 843448446 711140794
989972040 733891459 390992762
967993770 604709872 499224593
886913968 428713427 853781446
566244362 867321054 237421723
297814875 128769076 726637194
847926280 91535871 7933103
140505394 38679023 321938332
126196946 327544345 64275345
846018278 818630254 818219434
857176986 324067965 101492124
499189312 126403098 102016941
402398494 751318796 205026229
361552842 961325144 572666018
476507804 930128414 561367641
907266260 198351511 128625602
752997554 994228554 906859539
15166523 397673562 512914411
788795820 289182921 804769424
389202462 863775095 406347115
326717418 121975493 786079617
681005159 29736983 104645463
752289323 67055050 740917957
135404782 895416380 377450280
521610965 486373438 130210726
435267085 663997590 108550608
760570691 218930686 129192834
935649742 93020724 824401700
911359894 842010463 926394403
588577713 710393492 837220177
297247517 13196033 887543701
798679114 34835425 839349652
786586400 795502644 900391432
456722179 154976937 131296462
387707645 617592773 98812174
529409260 493555558 911300124
382703685 353528736 625185330
696218816 628631771 644844410
277154281 391067675 28954769
961677917 769645265 187726519
178251060 163711610 356661558
903697779 838157265 882220348
489906579 722931851 451538013
290861074 648680684 868494946
208159176 303848512 63953749
997896372 547942098 475427951
725589526 381950634 348454906
15094279 205874029 356864756
212034848 601028700 384564262
242699291 521524833 643767750
810394883 824908482 25857380
712664914 278471120 991265327
774634904 484009865 779435508
216591826 39502682 770623706
459762111 91842611 704848051
756690384 488059641 324783259
580890661 279257909 843125576
553526818 236088392 387694632
839271613 163156781 957837581
999796801 691662932 237128565
497656087 247207288 201407018
807770263 480466191 823772202
842637566 495494262 25377392
72688422 223261468 63932233
695992442 508997701 342447952
577831199 555332168 114031419
652016705 455344463 112969059
59781003 661808630 242266925
800642173 256868066 588820091
638162748 873393300 115314340
33427747 774838103 792346933
542306944 718935738 792295394
569216689 651991848 611376420
881075849 914052817 992565379
299405868 508202240 55996441
779193344 857534376 727090690
45246680 261440414 607824613
843806163 347780097 236318469
124159506 437875084 585398657
959140093 7128090 223598125
234952112 204474819 622100961
910063052 39260676 448423365
271585300 153685499 790061962
550152558 8614511 903340319
502654998 770940855 541291645
120403680 760375135 153606390
186270485 21448830 399333690
861729400 592916068 611952887
507489727 189621583 427058006
556028464 418147438 281060655
206896737 610076596 644863759
387778295 646123738 709577998
370464419 389342815 468941565
607573075 507608045 703848877
937028728 495094122 252825904
704484293 341151165 576839241
695026823 3755827 677499949
431792268 772869608 985679259
824264435 373222711 611558750
10148074 402573326 849639092
21365359 715556835 735538060
509001308 343255821 398537915
258476561 114876704 124817118
831713647 749939261 371032320
684664825 578697409 513840785
695484812 924700671 97821947
359126984 803005433 848470418
850218765 861001640 414391612
603560705 775104469 837206987
659184499 563513859 272901027
98019248 360316345 986769489
619302473 586207716 792051209
968310816 428027421 151838301
854287989 446007733 226274461
452022123 863313176 253816565
306467629 747127443 194172200
471838475 128779624 448522039
513736804 651021090 599567892
1168674 171146594 854555194
321146449 905440602 568151352
561330927 599292061 551362844
851916091 733694399 389622916
384262831 65362352 992489693
721789575 727173995 496673251
945983646 504838995 356997701
622195957 398196642 997688463
160575047 297093076 27977027
643034788 187346025 434734236
824378987 584282444 709295255